   0.00000000       1.00000000     -0.100000001      0.504999995    
  0.100000001      0.990000010     -0.200000003      0.510049999    
  0.200000003      0.970000029     -0.298999995      0.515150487    
  0.300000012      0.940100014     -0.395999998      0.520302057    
  0.400000006      0.900500000     -0.490009993      0.525505006    
  0.500000000      0.851499021     -0.580060005      0.530760109    
  0.600000024      0.793493032     -0.665209889      0.536067724    
  0.700000048      0.726972044     -0.744559169      0.541428328    
  0.800000072      0.652516127     -0.817256391      0.546842635    
  0.900000095      0.570790470     -0.882507980      0.552311063    
   1.00000012      0.482539654     -0.939586997      0.557834089    
   1.10000014      0.388580948     -0.987840950      0.563412428    
   1.20000017      0.289796859      -1.02669907      0.569046617    
   1.30000019      0.187126949      -1.05567873      0.574737072    
   1.40000021       8.15590769E-02  -1.07439137      0.580484331    
   1.50000024      -2.58800611E-02  -1.08254731      0.586289227    
   1.60000026     -0.134134799      -1.07995927      0.592152059    
   1.70000029     -0.242130727      -1.06654584      0.598073661    
   1.80000031     -0.348785311      -1.04233277      0.604054391    
   1.90000033     -0.453018606      -1.00745428      0.610094965    
   2.00000024     -0.553764045     -0.962152421      0.616195917    
   2.10000014     -0.649979293     -0.906776011      0.622357905    
   2.20000005     -0.740656912     -0.841778100      0.628581524    
   2.29999995     -0.824834704     -0.767712414      0.634867311    
   2.39999986     -0.901605964     -0.685228944      0.641216040    
   2.49999976     -0.970128834     -0.595068336      0.647628129    
   2.59999967      -1.02963567     -0.498055458      0.654104412    
   2.69999957      -1.07944119     -0.395091891      0.660645485    
   2.79999948      -1.11895037     -0.287147760      0.667251885    
   2.89999938      -1.14766514     -0.175252721      0.673924446    
   2.99999928      -1.16519046      -6.04862049E-02  0.680663645    
   3.09999919      -1.17123914       5.60328439E-02  0.687470436    
   3.19999909      -1.16563582      0.173156768      0.694345057    
   3.29999900      -1.14832020      0.289720356      0.701288581    
   3.39999890      -1.11934817      0.404552370      0.708301485    
   3.49999881      -1.07889295      0.516487181      0.715384543    
   3.59999871      -1.02724421      0.624376476      0.722538292    
   3.69999862     -0.964806557      0.727100909      0.729763746    
   3.79999852     -0.892096460      0.823581576      0.737061381    
   3.89999843     -0.809738278      0.912791252      0.744431973    
   3.99999833     -0.718459129      0.993765056      0.751876235    
   4.09999847     -0.619082630       1.06561100      0.759395003    
   4.19999838     -0.512521505       1.12751925      0.766988933    
   4.29999828     -0.399769574       1.17877138      0.774658799    
   4.39999819     -0.281892419       1.21874833      0.782405436    
   4.49999809     -0.160017580       1.24693751      0.790229440    
   4.59999800      -3.53238285E-02   1.26293921      0.798131585    
   4.69999790       9.09700990E-02   1.26647162      0.806112945    
   4.79999781      0.217617258       1.25737464      0.814174175    
   4.89999771      0.343354732       1.23561287      0.822315812    
   4.99999762      0.466916025       1.20127738      0.830538929    
   5.09999752      0.587043762       1.15458572      0.838844240    
   5.19999743      0.702502310       1.09588134      0.847232699    
   5.29999733      0.812090456       1.02563107      0.855705023    
   5.39999723      0.914653540      0.944422007      0.864261985    
   5.49999714       1.00909579      0.852956653      0.872904658    
   5.59999704       1.09439147      0.752047062      0.881633699    
   5.69999695       1.16959620      0.642607927      0.890450060    
   5.79999685       1.23385704      0.525648296      0.899354696    
   5.89999676       1.28642190      0.402262598      0.908348203    
   5.99999666       1.32664812      0.273620427      0.917431653    
   6.09999657       1.35401011      0.140955612      0.926605940    
   6.19999647       1.36810565       5.55460155E-03  0.935871959    
   6.29999638       1.36866117     -0.131255969      0.945230782    
   6.39999628       1.35553563     -0.268122077      0.954683125    
   6.49999619       1.32872343     -0.403675646      0.964229941    
   6.59999609       1.28835583     -0.536548018      0.973872244    
   6.69999599       1.23470104     -0.665383577      0.983610988    
   6.79999590       1.16816270     -0.788853705      0.993447185    
   6.89999580       1.08927739     -0.905669987       1.00338173    
   6.99999571      0.998710394      -1.01459777       1.01341558    
   7.09999561      0.897250593      -1.11446881       1.02354968    
   7.19999552      0.785803735      -1.20419383       1.03378510    
   7.29999542      0.665384352      -1.28277421       1.04412305    
   7.39999533      0.537106931      -1.34931266       1.05456424    
   7.49999523      0.402175665      -1.40302336       1.06510985    
   7.59999514      0.261873305      -1.44324088       1.07576084    
   7.69999504      0.117549211      -1.46942818       1.08651853    
   7.79999495      -2.93936133E-02  -1.48118305       1.09738362    
   7.89999485     -0.177511916      -1.47824371       1.10835755    
   7.99999475     -0.325336277      -1.46049249       1.11944103    
   8.09999466     -0.471385539      -1.42795885       1.13063550    
   8.19999504     -0.614181399      -1.38082027       1.14194167    
   8.29999542     -0.752263427      -1.31940210       1.15336108    
   8.39999580     -0.884203672      -1.24417579       1.16489482    
   8.49999619      -1.00862122      -1.15575540       1.17654359    
   8.59999657      -1.12419677      -1.05489326       1.18830907    
   8.69999695      -1.22968614     -0.942473590       1.20019221    
   8.79999733      -1.32393348     -0.819504976       1.21219420    
   8.89999771      -1.40588403     -0.687111616       1.22431612    
   8.99999809      -1.47459519     -0.546523213       1.23655939    
   9.09999847      -1.52924752     -0.399063706       1.24892497    
   9.19999886      -1.56915390     -0.246138945       1.26141417    
   9.29999924      -1.59376776      -8.92235488E-02   1.27402818    
   9.39999962      -1.60269010       7.01532364E-02   1.28676856    
   9.50000000      -1.59567475      0.230422243       1.29963613    
   9.60000038      -1.57263255      0.389989734       1.31263256    
   9.70000076      -1.53363359      0.547253013       1.32575893    
   9.80000114      -1.47890830      0.700616360       1.33901656    
   9.90000153      -1.40884662      0.848507166       1.35240650    
   10.0000019      -1.32399595      0.989391804       1.36593068    
   10.1000023      -1.22505677       1.12179136       1.37959003    
   10.2000027      -1.11287761       1.24429703       1.39338589    
   10.3000031     -0.988447905       1.35558474       1.40731966    
   10.4000034     -0.852889419       1.45442951       1.42139280    
   10.5000038     -0.707446456       1.53971839       1.43560660    
   10.6000042     -0.553474605       1.61046302       1.44996262    
   10.7000046     -0.392428279       1.66581047       1.46446228    
   10.8000050     -0.225847229       1.70505333       1.47910690    
   10.9000053      -5.53418994E-02   1.72763801       1.49389791    
   11.0000057      0.117421910       1.73317218       1.50883687    
   11.1000061      0.290739119       1.72142994       1.52392507    
   11.2000065      0.462882102       1.69235599       1.53916430    
   11.3000069      0.632117689       1.64606774       1.55455589    
   11.4000072      0.796724439       1.58285594       1.57010138    
   11.5000076      0.955010056       1.50318348       1.58580244    
   11.6000080       1.10532844       1.40768242       1.60166037    
   11.7000084       1.24609673       1.29714954       1.61767697    
   11.8000088       1.37581170       1.17253983       1.63385367    
   11.9000092       1.49306571       1.03495860       1.65019226    
   12.0000095       1.59656155      0.885652006       1.66669416    
   12.1000099       1.68512678      0.725995839       1.68336117    
   12.2000103       1.75772631      0.557483137       1.70019460    
   12.3000107       1.81347466      0.381710500       1.71719658    
   12.4000111       1.85164571      0.200363025       1.73436856    
   12.5000114       1.87168205       1.51984543E-02   1.75171232    
   12.6000118       1.87320185     -0.171969756       1.76922941    
   12.7000122       1.85600483     -0.359289944       1.78692162    
   12.8000126       1.82007587     -0.544890404       1.80479085    
   12.9000130       1.76558685     -0.726898015       1.82283878    
   13.0000134       1.69289708     -0.903456688       1.84106731    
   13.1000137       1.60255146      -1.07274640       1.85947800    
   13.2000141       1.49527681      -1.23300159       1.87807274    
   13.3000145       1.37197661      -1.38252926       1.89685345    
   13.4000149       1.23372364      -1.51972687       1.91582191    
   13.5000153       1.08175099      -1.64309919       1.93498015    
   13.6000156      0.917441070      -1.75127435       1.95432997    
   13.7000160      0.742313623      -1.84301841       1.97387314    
   13.8000164      0.558011770      -1.91724980       1.99361193    
   13.9000168      0.366286784      -1.97305095       2.01354790    
   14.0000172      0.168981686      -2.00967956       2.03368330    
   14.1000175      -3.19862664E-02  -2.02657771       2.05402017    
   14.2000179     -0.234644040      -2.02337909       2.07456040    
   14.3000183     -0.436981946      -1.99991465       2.09530592    
   14.4000187     -0.636973381      -1.95621645       2.11625886    
   14.5000191     -0.832595050      -1.89251912       2.13742161    
   14.6000195      -1.02184701      -1.80925965       2.15879583    
   14.7000198      -1.20277297      -1.70707500       2.18038392    
   14.8000202      -1.37348044      -1.58679771       2.20218778    
   14.9000206      -1.53216016      -1.44944966       2.22420955    
   15.0000210      -1.67710519      -1.29623365       2.24645185    
   15.1000214      -1.80672860      -1.12852311       2.26891637    
   15.2000217      -1.91958094     -0.947850227       2.29160547    
   15.3000221      -2.01436591     -0.755892158       2.31452155    
   15.4000225      -2.08995509     -0.554455578       2.33766675    
   15.5000229      -2.14540076     -0.345460057       2.36104369    
   15.6000233      -2.17994666     -0.130919978       2.38465357    
   15.7000237      -2.19303870       8.70746970E-02   2.40850043    
   15.8000240      -2.18433118      0.306378573       2.43258524    
   15.9000244      -2.15369344      0.524811685       2.45691133    
   16.0000248      -2.10121226      0.740181029       2.48148036    
   16.1000252      -2.02719426      0.950302243       2.50629544    
   16.2000256      -1.93216407       1.15302169       2.53135848    
   16.3000259      -1.81686187       1.34623814       2.55667210    
   16.4000263      -1.68223810       1.52792430       2.58223891    
   16.5000267      -1.52944565       1.69614816       2.60806131    
   16.6000271      -1.35983086       1.84909272       2.63414192    
   16.7000275      -1.17492163       1.98507583       2.66048336    
   16.8000278     -0.976414025       2.10256791       2.68708801    
   16.9000282     -0.766157210       2.20020938       2.71395922    
   17.0000286     -0.546136260       2.27682519       2.74109888    
   17.1000290     -0.318453729       2.33143878       2.76850986    
   17.2000294      -8.53098482E-02   2.36328411       2.79619479    
   17.3000298      0.151018560       2.37181520       2.82415700    
   17.4000301      0.388200104       2.35671329       2.85239840    
   17.5000305      0.623871446       2.31789327       2.88092232    
   17.6000309      0.855660796       2.25550604       2.90973139    
   17.7000313       1.08121145       2.16993999       2.93882895    
   17.8000317       1.29820549       2.06181884       2.96821713    
   17.9000320       1.50438738       1.93199825       2.99789929    
   18.0000324       1.69758725       1.78155947       3.02787828    
   18.1000328       1.87574315       1.61180079       3.05815697    
   18.2000332       2.03692317       1.42422652       3.08873844    
   18.3000336       2.17934585       1.22053421       3.11962605    
   18.4000340       2.30139923       1.00259960       3.15082216    
   18.5000343       2.40165925      0.772459686       3.18233061    
   18.6000347       2.47890520      0.532293737       3.21415377    
   18.7000351       2.53213453      0.284403205       3.24629545    
   18.8000355       2.56057477       3.11897397E-02   3.27875805    
   18.9000359       2.56369376     -0.224867731       3.31154561    
   19.0000362       2.54120708     -0.481237113       3.34466147    
   19.1000366       2.49308348     -0.735357821       3.37810802    
   19.2000370       2.41954780     -0.984666169       3.41188931    
   19.3000374       2.32108116      -1.22662091       3.44600821    
   19.4000378       2.19841909      -1.45872903       3.48046827    
   19.5000381       2.05254626      -1.67857099       3.51527309    
   19.6000385       1.88468921      -1.88382566       3.55042624    
   19.7000389       1.69630671      -2.07229447       3.58593035    
   19.8000393       1.48907721      -2.24192524       3.62178993    
   19.9000397       1.26488471      -2.39083290       3.65800762    
   20.0000401       1.02580142      -2.51732135       3.69458771    
   20.1000404      0.774069309      -2.61990142       3.73153353    
   20.2000408      0.512079120      -2.69730830       3.76884866    
   20.3000412      0.242348284      -2.74851632       3.80653715    
   20.4000416      -3.25033665E-02  -2.77275109       3.84460258    
   20.5000420     -0.309778482      -2.76950073       3.88304853    
   20.6000423     -0.586728573      -2.73852277       3.92187858    
   20.7000427     -0.860580862      -2.67984986       3.96109724    
   20.8000431      -1.12856579      -2.59379172       4.00070810    
   20.9000435      -1.38794494      -2.48093510       4.04071522    
   21.0000439      -1.63603842      -2.34214067       4.08112240    
   21.1000443      -1.87025249      -2.17853689       4.12193394    
   21.2000446      -2.08810616      -1.99151158       4.16315269    
   21.3000450      -2.28725719      -1.78270102       4.20478439    
   21.4000454      -2.46552730      -1.55397534       4.24683189    
   21.5000458      -2.62092495      -1.30742264       4.28930092    
   21.6000462      -2.75166726      -1.04533017       4.33219385    
   21.7000465      -2.85620022     -0.770163417       4.37551594    
   21.8000469      -2.93321657     -0.484543383       4.41927099    
   21.9000473      -2.98167086     -0.191221714       4.46346331    
   22.0000477      -3.00079298      0.106945366       4.50809813    
   22.1000481      -2.99009848      0.407024682       4.55317926    
   22.2000484      -2.94939590      0.706034541       4.59871054    
   22.3000488      -2.87879252       1.00097418       4.64469767    
   22.4000492      -2.77869511       1.28885341       4.69114494    
   22.5000496      -2.64980984       1.56672287       4.73805618    
   22.6000500      -2.49313760       1.83170390       4.78543711    
   22.7000504      -2.30996728       2.08101773       4.83329201    
   22.8000507      -2.10186553       2.31201458       4.88162518    
   22.9000511      -1.87066412       2.52220106       4.93044138    
   23.0000515      -1.61844397       2.70926738       4.97974539    
   23.1000519      -1.34751725       2.87111187       5.02954292    
   23.2000523      -1.06040609       3.00586367       5.07983875    
   23.3000526     -0.759819746       3.11190438       5.13063717    
   23.4000530     -0.448629290       3.18788624       5.18194342    
   23.5000534     -0.129840672       3.23274922       5.23376322    
   23.6000538      0.193434268       3.24573326       5.28610039    
   23.7000542      0.518007636       3.22638988       5.33896160    
   23.8000546      0.840646625       3.17458916       5.39235163    
   23.9000549       1.15810561       3.09052444       5.44627476    
   24.0000553       1.46715808       2.97471380       5.50073719    
   24.1000557       1.76462948       2.82799792       5.55574465    
   24.2000561       2.04742932       2.65153503       5.61130238    
   24.3000565       2.31258273       2.44679213       5.66741514    
   24.4000568       2.55726194       2.21553373       5.72408915    
   24.5000572       2.77881527       1.95980752       5.78133011    
   24.6000576       2.97479606       1.68192601       5.83914375    
   24.7000580       3.14298868       1.38444638       5.89753485    
   24.8000584       3.28143334       1.07014751       5.95651054    
   24.9000587       3.38844800      0.742004156       6.01607513    
   25.0000591       3.46264839      0.403159350       6.07623577    
   25.1000595       3.50296426       5.68945110E-02   6.13699770    
   25.2000599       3.50865364     -0.293401927       6.19836760    
   25.3000603       3.47931337     -0.644267321       6.26035070    
   25.4000607       3.41488671     -0.992198706       6.32295465    
   25.5000610       3.31566691      -1.33368742       6.38618422    
   25.6000614       3.18229818      -1.66525412       6.45004654    
   25.7000618       3.01577282      -1.98348391       6.51454735    
   25.8000622       2.81742454      -2.28506112       6.57969284    
   25.9000626       2.58891845      -2.56680346       6.64548969    
   26.0000629       2.33223820      -2.82569528       6.71194458    
   26.1000633       2.04966879      -3.05891919       6.77906466    
   26.2000637       1.74377680      -3.26388597       6.84685421    
   26.3000641       1.41738820      -3.43826365       6.91532326    
   26.4000645       1.07356179      -3.58000255       6.98447704    
   26.5000648      0.715561509      -3.68735862       7.05432129    
   26.6000652      0.346825629      -3.75891471       7.12486362    
   26.7000656      -2.90658474E-02  -3.79359722       7.19611263    
   26.8000660     -0.408425570      -3.79069066       7.26807356    
   26.9000664     -0.787494659      -3.74984813       7.34075451    
   27.0000668      -1.16247952      -3.67109871       7.41416216    
   27.1000671      -1.52958941      -3.55485082       7.48830414    
   27.2000675      -1.88507450      -3.40189195       7.56318712    
   27.3000679      -2.22526360      -3.21338439       7.63881874    
   27.4000683      -2.54660201      -2.99085808       7.71520710    
   27.5000687      -2.84568787      -2.73619795       7.79235935    
   27.6000690      -3.11930776      -2.45162916       7.87028313    
   27.7000694      -3.36447072      -2.13969851       7.94898605    
   27.8000698      -3.57844067      -1.80325139       8.02847672    
   27.9000702      -3.75876570      -1.44540727       8.10876083    
   28.0000706      -3.90330648      -1.06953073       8.18984890    
   28.1000710      -4.01025963     -0.679200053       8.27174759    
   28.2000713      -4.07817984     -0.278174073       8.35446548    
   28.3000717      -4.10599709      0.129643917       8.43801022    
   28.4000721      -4.09303284      0.540243626       8.52239037    
   28.5000725      -4.03900862      0.949546933       8.60761547    
   28.6000729      -3.94405389       1.35344779       8.69369125    
   28.7000732      -3.80870914       1.74785316       8.78062820    
   28.8000736      -3.63392377       2.12872410       8.86843491    
   28.9000740      -3.42105126       2.49211645       8.95711803    
   29.0000744      -3.17183971       2.83422160       9.04668999    
   29.1000748      -2.88841748       3.15140557       9.13715649    
   29.2000751      -2.57327700       3.44024730       9.22852802    
   29.3000755      -2.22925234       3.69757509       9.32081413    
   29.4000759      -1.85949481       3.92050028       9.41402149    
   29.5000763      -1.46744478       4.10644960       9.50816154    
   29.6000767      -1.05679977       4.25319386       9.60324192    
   29.7000771     -0.631480336       4.35887384       9.69927406    
   29.8000774     -0.195592940       4.42202187       9.79626656    
   29.9000778      0.246609241       4.44158125       9.89422989    
   30.0000782      0.690767407       4.41692019       9.99317169    
   30.1000786       1.13245940       4.34784365       10.0931044    
   30.2000790       1.56724381       4.23459768       10.1940355    
   30.3000793       1.99070358       4.07787323       10.2959747    
   30.4000797       2.39849091       3.87880278       10.3989344    
   30.5000801       2.78637123       3.63895369       10.5029240    
   30.6000805       3.15026665       3.36031651       10.6079540    
   30.7000809       3.48629832       3.04528975       10.7140331    
   30.8000813       3.79082727       2.69666004       10.8211737    
   30.9000816       4.06049347       2.31757736       10.9293861    
   31.0000820       4.29225111       1.91152799       11.0386791    
   31.1000824       4.48340368       1.48230290       11.1490650    
   31.2000828       4.63163376       1.03396249       11.2605553    
   31.3000832       4.73503017      0.570799112       11.3731613    
   31.4000835       4.79210997       9.72960889E-02   11.4868917    
   31.5000839       4.80183935     -0.381914914       11.6017599    
   31.6000843       4.76364803     -0.862098813       11.7177782    
   31.7000847       4.67743826      -1.33846366       11.8349571    
   31.8000851       4.54359198      -1.80620754       11.9533072    
   31.9000854       4.36297131      -2.26056671       12.0728397    
   32.0000839       4.13691473      -2.69686389       12.1935692    
   32.1000824       3.86722827      -3.11055541       12.3155050    
   32.2000809       3.55617285      -3.49727821       12.4386597    
   32.3000793       3.20644498      -3.85289550       12.5630465    
   32.4000778       2.82115555      -4.17354012       12.6886787    
   32.5000763       2.40380144      -4.45565557       12.8155642    
   32.6000748       1.95823586      -4.69603586       12.9437208    
   32.7000732       1.48863220      -4.89185953       13.0731583    
   32.8000717      0.999446273      -5.04072285       13.2038898    
   32.9000702      0.495373964      -5.14066744       13.3359289    
   33.0000687      -1.86927915E-02  -5.19020462       13.4692869    
   33.1000671     -0.537713289      -5.18833542       13.6039801    
   33.2000656      -1.05654693      -5.13456392       13.7400188    
   33.3000641      -1.57000327      -5.02890921       13.8774195    
   33.4000626      -2.07289410      -4.87190866       14.0161924    
   33.5000610      -2.56008506      -4.66461945       14.1563549    
   33.6000595      -3.02654696      -4.40861082       14.2979183    
   33.7000580      -3.46740794      -4.10595608       14.4408970    
   33.8000565      -3.87800360      -3.75921535       14.5853062    
   33.9000549      -4.25392532      -3.37141490       14.7311592    
   34.0000534      -4.59106684      -2.94602227       14.8784714    
   34.1000519      -4.88566923      -2.48691559       15.0272570    
   34.2000504      -5.13436079      -1.99834871       15.1775284    
   34.3000488      -5.33419561      -1.48491263       15.3293047    
   34.4000473      -5.48268700     -0.951493084       15.4825974    
   34.5000458      -5.57783651     -0.403224349       15.6374254    
   34.6000443      -5.61815882      0.154559314       15.7937984    
   34.7000427      -5.60270309      0.716375232       15.9517374    
   34.8000412      -5.53106546       1.27664554       16.1112556    
   34.9000397      -5.40340090       1.82975209       16.2723675    
   35.0000381      -5.22042561       2.37009215       16.4350910    
   35.1000366      -4.98341656       2.89213467       16.5994415    
   35.2000351      -4.69420290       3.39047623       16.7654343    
   35.3000336      -4.35515547       3.85989642       16.9330902    
   35.4000320      -3.96916580       4.29541206       17.1024208    
   35.5000305      -3.53962469       4.69232845       17.2734451    
   35.6000290      -3.07039189       5.04629087       17.4461784    
   35.7000275      -2.56576276       5.35333014       17.6206417    
   35.8000259      -2.03042984       5.60990620       17.7968464    
   35.9000244      -1.46943927       5.81294918       17.9748154    
   36.0000229     -0.888144314       5.95989323       18.1545639    
   36.1000214     -0.292154968       6.04870749       18.3361073    
   36.2000198      0.312715769       6.07792282       18.5194683    
   36.3000183      0.920508087       6.04665136       18.7046642    
   36.4000168       1.52517319       5.95460033       18.8917084    
   36.5000153       2.12063313       5.80208302       19.0806255    
   36.6000137       2.70084143       5.59001970       19.2714310    
   36.7000122       3.25984335       5.31993580       19.4641476    
   36.8000107       3.79183698       4.99395132       19.6587887    
   36.9000092       4.29123211       4.61476755       19.8553772    
   37.0000076       4.75270891       4.18564415       20.0539284    
   37.1000061       5.17127323       3.71037316       20.2544670    
   37.2000046       5.54231071       3.19324589       20.4570141    
   37.3000031       5.86163521       2.63901472       20.6615829    
   37.4000015       6.12553692       2.05285120       20.8682003    
   37.5000000       6.33082199       1.44029748       21.0768814    
   37.5999985       6.47485161      0.807215273       21.2876492    
   37.6999969       6.55557299      0.159730077       21.5005245    
   37.7999954       6.57154608     -0.495827258       21.7155323    
   37.8999939       6.52196312      -1.15298188       21.9326859    
   37.9999924       6.40666485      -1.80517817       22.1520100    
   38.0999908       6.22614717      -2.44584465       22.3735313    
   38.1999893       5.98156261      -3.06845951       22.5972672    
   38.2999878       5.67471647      -3.66661572       22.8232384    
   38.3999863       5.30805492      -4.23408747       23.0514717    
   38.4999847       4.88464642      -4.76489305       23.2819881    
   38.5999832       4.40815735      -5.25335789       23.5148087    
   38.6999817       3.88282156      -5.69417381       23.7499580    
   38.7999802       3.31340408      -6.08245611       23.9874592    
   38.8999786       2.70515847      -6.41379642       24.2273331    
   38.9999771       2.06377888      -6.68431234       24.4696064    
   39.0999756       1.39534760      -6.89069033       24.7143040    
   39.1999741      0.706278563      -7.03022528       24.9614487    
   39.2999725       3.25602293E-03  -7.10085297       25.2110615    
   39.3999710     -0.706829309      -7.10117865       25.4631729    
   39.4999695      -1.41694713      -7.03049564       25.7178040    
   39.5999680      -2.11999679      -6.88880110       25.9749832    
   39.6999664      -2.80887699      -6.67680120       26.2347317    
   39.7999649      -3.47655725      -6.39591360       26.4970818    
   39.8999634      -4.11614847      -6.04825783       26.7620506    
   39.9999619      -4.72097445      -5.63664293       27.0296707    
   40.0999603      -5.28463888      -5.16454554       27.2999687    
   40.1999588      -5.80109358      -4.63608170       27.5729713    
   40.2999573      -6.26470184      -4.05597210       27.8487015    
   40.3999557      -6.67029905      -3.42950201       28.1271858    
   40.4999542      -7.01324940      -2.76247215       28.4084606    
   40.5999527      -7.28949642      -2.06114721       28.6925430    
   40.6999512      -7.49561119      -1.33219755       28.9794693    
   40.7999496      -7.62883091     -0.582636416       29.2692642    
   40.8999481      -7.68709469      0.180246711       29.5619564    
   40.9999466      -7.66907024      0.948956192       29.8575783    
   41.0999451      -7.57417440       1.71586323       30.1561527    
   41.1999435      -7.40258789       2.47328067       30.4577141    
   41.2999420      -7.15525961       3.21353960       30.7622871    
   41.3999405      -6.83390570       3.92906570       31.0699120    
   41.4999390      -6.44099903       4.61245632       31.3806114    
   41.5999374      -5.97975349       5.25655603       31.6944160    
   41.6999359      -5.45409775       5.85453129       32.0113602    
   41.7999344      -4.86864471       6.39994097       32.3314743    
   41.8999329      -4.22865057       6.88680553       32.6547852    
   41.9999313      -3.53996992       7.30967045       32.9813347    
   42.0999298      -2.80900288       7.66366768       33.3111496    
   42.1999283      -2.04263616       7.94456816       33.6442604    
   42.2999268      -1.24817932       8.14883137       33.9807014    
   42.3999252     -0.433296144       8.27364922       34.3205070    
   42.4999237      0.394068778       8.31697845       34.6637115    
   42.5999222       1.22576666       8.27757168       35.0103493    
   42.6999207       2.05352378       8.15499496       35.3604507    
   42.7999191       2.86902332       7.94964266       35.7140579    
   42.8999176       3.66398764       7.66274023       36.0711975    
   42.9999161       4.43026161       7.29634142       36.4319077    
   43.0999146       5.15989590       6.85331535       36.7962265    
   43.1999130       5.84522724       6.33732557       37.1641884    
   43.2999115       6.47896004       5.75280285       37.5358353    
   43.3999100       7.05424023       5.10490704       37.9111900    
   43.4999084       7.56473112       4.39948320       38.2903061    
   43.5999069       8.00467968       3.64301014       38.6732101    
   43.6999054       8.36898041       2.84254217       39.0599403    
   43.7999039       8.65323448       2.00564408       39.4505348    
   43.8999023       8.85379887       1.14032054       39.8450432    
   43.9999008       8.96783066      0.254940629       40.2434921    
   44.0998993       8.99332428     -0.641842425       40.6459236    
   44.1998978       8.92914009      -1.54117489       41.0523834    
   44.2998962       8.77502251      -2.43408895       41.4629059    
   44.3998947       8.53161335      -3.31159115       41.8775330    
   44.4998932       8.20045471      -4.16475248       42.2963104    
   44.5998917       7.78397942      -4.98479795       42.7192726    
   44.6998901       7.28549957      -5.76319599       43.1464653    
   44.7998886       6.70917988      -6.49174595       43.5779305    
   44.8998871       6.06000519      -7.16266394       44.0137100    
   44.9998856       5.34373856      -7.76866436       44.4538422    
   45.0998840       4.56687212      -8.30303860       44.8983879    
   45.1998825       3.73656821      -8.75972557       45.3473701    
   45.2998810       2.86059570      -9.13338280       45.8008423    
   45.3998795       1.94725740      -9.41944218       46.2588501    
   45.4998779       1.00531316      -9.61416817       46.7214432    
   45.5998764       4.38963175E-02  -9.71469975       47.1886597    
   45.6998749     -0.927573681      -9.71908951       47.6605453    
   45.7998734      -1.89948273      -9.62633228       48.1371536    
   45.8998718      -2.86211586      -9.43638420       48.6185303    
   45.9998703      -3.80575418      -9.15017223       49.1047096    
   46.0998688      -4.72077131      -8.76959705       49.5957565    
   46.1998672      -5.59773111      -8.29751968       50.0917130    
   46.2998657      -6.42748308      -7.73774672       50.5926285    
   46.3998642      -7.20125771      -7.09499836       51.0985565    
   46.4998627      -7.91075754      -6.37487268       51.6095428    
   46.5998611      -8.54824448      -5.58379698       52.1256371    
   46.6998596      -9.10662460      -4.72897243       52.6468964    
   46.7998581      -9.57952213      -3.81831002       53.1733665    
   46.8998566      -9.96135330      -2.86035776       53.7051048    
   46.9998550      -10.2473888      -1.86422241       54.2421532    
   47.0998535      -10.4338112     -0.839483500       54.7845764    
   47.1998520      -10.5177593      0.203897595       55.3324165    
   47.2998505      -10.4973698       1.25567353       55.8857422    
   47.3998489      -10.3718023       2.30541039       56.4445992    
   47.4998474      -10.1412611       3.34259081       57.0090446    
   47.5998459      -9.80700207       4.35671711       57.5791397    
   47.6998444      -9.37133026       5.33741713       58.1549263    
   47.7998428      -8.83758831       6.27454996       58.7364731    
   47.8998413      -8.21013355       7.15830898       59.3238411    
   47.9998398      -7.49430275       7.97932243       59.9170799    
   48.0998383      -6.69637060       8.72875309       60.5162582    
   48.1998367      -5.82349539       9.39838982       61.1214142    
   48.2998352      -4.88365650       9.98073959       61.7326355    
   48.3998337      -3.88558245       10.4691048       62.3499527    
   48.4998322      -2.83867192       10.8576632       62.9734535    
   48.5998306      -1.75290561       11.1415300       63.6031837    
   48.6998291     -0.638752580       11.3168201       64.2392120    
   48.7998276      0.492929459       11.3806953       64.8816071    
   48.8998260       1.63099897       11.3314028       65.5304260    
   48.9998245       2.76413918       11.1683025       66.1857224    
   49.0998230       3.88096952       10.8918886       66.8475800    
   49.1998215       4.97015858       10.5037918       67.5160599    
   49.2998199       6.02053785       10.0067759       68.1912231    
   49.3998184       7.02121544       9.40472221       68.8731308    
   49.4998169       7.96168756       8.70260048       69.5618591    
   49.5998154       8.83194733       7.90643167       70.2574768    
   49.6998138       9.62259007       7.02323675       70.9600449    
   49.7998123       10.3249140       6.06097794       71.6696548    
   49.8998108       10.9310122       5.02848625       72.3863525    
   49.9998093       11.4338608       3.93538499       73.1102142    
   50.0998077       11.8273993       2.79199886       73.8413162    
   49.9998093       12.1065989       1.60925889       74.5797272    
   49.8998108       12.2675247      0.398599029       75.3255157    
   49.7998123       12.3073845     -0.828153491       76.0787735    
   49.6998138       12.2245693      -2.05889201       76.8395615    
   49.5998154       12.0186806      -3.28134894       77.6079712    
   49.4998169       11.6905460      -4.48321724       78.3840561    
   49.3998184       11.2422247      -5.65227175       79.1679001    
   49.2998199       10.6769972      -6.77649403       79.9595718    
   49.1998215       9.99934769      -7.84419394       80.7591705    
   49.0998230       9.21492863      -8.84412861       81.5667572    
   48.9998245       8.33051586      -9.76562119       82.3824234    
   48.8998260       7.35395384      -10.5986729       83.2062531    
   48.7998276       6.29408646      -11.3340683       84.0383148    
   48.6998291       5.16067982      -11.9634771       84.8787003    
   48.5998306       3.96433210      -12.4795456       85.7274933    
   48.4998322       2.71637750      -12.8759785       86.5847626    
   48.3998337       1.42877960      -13.1476164       87.4506149    
   48.2998352      0.114017963      -13.2904940       88.3251114    
   48.1998367      -1.21503150      -13.3018961       89.2083740    
   48.0998383      -2.54522109      -13.1803932       90.1004562    
   47.9998398      -3.86326027      -12.9258709       91.0014572    
   47.8998413      -5.15584755      -12.5395451       91.9114761    
   47.7998428      -6.40980196      -12.0239601       92.8305893    
   47.6998444      -7.61219788      -11.3829803       93.7588959    
   47.5998459      -8.75049591      -10.6217604       94.6964874    
   47.4998474      -9.81267166      -9.74671078       95.6434479    
   47.3998489      -10.7873430      -8.76544380       96.5998840    
   47.2998505      -11.6638870      -7.68670940       97.5658875    
   47.1998520      -12.4325581      -6.52032089       98.5415421    
   47.0998535      -13.0845900      -5.27706528       99.5269547    
   46.9998550      -13.6122961      -3.96860623       100.522217    
   46.8998566      -14.0091572      -2.60737658       101.527451    
   46.7998581      -14.2698946      -1.20646083       102.542725    
   46.6998596      -14.3905411      0.220528603       103.568153    
   46.5998611      -14.3684883       1.65958273       104.603836    
   46.4998627      -14.2025299       3.09643173       105.649872    
   46.3998642      -13.8928871       4.51668453       106.706375    
   46.2998657      -13.4412184       5.90597343       107.773438    
   46.1998672      -12.8506212       7.25009537       108.851173    
   46.0998688      -12.1256113       8.53515720       109.939682    
   45.9998703      -11.2720957       9.74771881       111.039078    
   45.8998718      -10.2973242       10.8749285       112.149475    
   45.7998734      -9.20983124       11.9046612       113.270981    
   45.6998749      -8.01936531       12.8256445       114.403687    
   45.5998764      -6.73680067       13.6275806       115.547714    
   45.4998779      -5.37404251       14.3012609       116.703201    
   45.3998795      -3.94391632       14.8386650       117.870224    
   45.2998810      -2.46004963       15.2330570       119.048935    
   45.1998825     -0.936743855       15.4790621       120.239426    
   45.0998840      0.611162424       15.5727367       121.441826    
   44.9998856       2.16843605       15.5116205       122.656242    
   44.8998871       3.71959829       15.2947769       123.882812    
   44.7998886       5.24907589       14.9228172       125.121635    
   44.6998901       6.74135780       14.3979092       126.372849    
   44.5998917       8.18114853       13.7237730       127.636566    
   44.4998932       9.55352592       12.9056578       128.912933    
   44.3998947       10.8440914       11.9503050       130.202057    
   44.2998962       12.0391216       10.8658962       131.504074    
   44.1998978       13.1257114       9.66198444       132.819122    
   44.0998993       14.0919094       8.34941292       134.147308    
   43.9999008       14.9268503       6.94022179       135.488770    
   43.8999023       15.6208725       5.44753647       136.843658    
   43.7999039       16.1656265       3.88544917       138.212097    
   43.6999054       16.5541706       2.26888657       139.594208    
   43.5999069       16.7810593      0.613469481       140.990143    
   43.4999084       16.8424053      -1.06463647       142.400040    
   43.3999100       16.7359409      -2.74887705       143.824020    
   43.2999115       16.4610538      -4.42247105       145.262283    
   43.1999130       16.0188065      -6.06857634       146.714890    
   43.0999146       15.4119492      -7.67045689       148.182037    
   42.9999161       14.6449032      -9.21165180       149.663864    
   42.8999176       13.7237377      -10.6761417       151.160492    
   42.7999191       12.6561232      -12.0485153       152.672089    
   42.6999207       11.4512720      -13.3141279       154.198822    
   42.5999222       10.1198597      -14.4592552       155.740814    
   42.4999237       8.67393398      -15.4712410       157.298218    
   42.3999252       7.12681007      -16.3386345       158.871201    
   42.2999268       5.49294662      -17.0513153       160.459900    
   42.1999283       3.78781509      -17.6006107       162.064514    
   42.0999298       2.02775383      -17.9793930       163.685181    
   41.9999313      0.229814529      -18.1821690       165.322052    
   41.8999329      -1.58840239      -18.2051506       166.975266    
   41.7999344      -3.40891743      -18.0463104       168.645020    
   41.6999359      -5.21354866      -17.7054195       170.331482    
   41.5999374      -6.98409081      -17.1840649       172.034805    
   41.4999390      -8.70249748      -16.4856567       173.755173    
   41.3999405      -10.3510628      -15.6154070       175.492722    
   41.2999420      -11.9126034      -14.5803003       177.247650    
   41.1999435      -13.3706331      -13.3890400       179.020111    
   41.0999451      -14.7095375      -12.0519772       180.810333    
   40.9999466      -15.9147348      -10.5810232       182.618408    
   40.8999481      -16.9728374      -8.98954964       184.444611    
   40.7999496      -17.8717918      -7.29226589       186.289047    
   40.6999512      -18.6010189      -5.50508690       188.151932    
   40.5999527      -19.1515274      -3.64498496       190.033463    
   40.4999542      -19.5160255      -1.72983217       191.933777    
   40.3999557      -19.6890087      0.221770406       193.853134    
   40.2999573      -19.6668320       2.19067144       195.791656    
   40.1999588      -19.4477654       4.15735483       197.749588    
   40.0999603      -19.0320301       6.10213137       199.727081    
   39.9999619      -18.4218178       8.00533485       201.724380    
   39.8999634      -17.6212845       9.84751701       203.741638    
   39.7999649      -16.6365318       11.6096458       205.779037    
   39.6999664      -15.4755669       13.2732992       207.836823    
   39.5999680      -14.1482372       14.8208561       209.915192    
   39.4999695      -12.6661520       16.2356796       212.014343    
   39.3999710      -11.0425844       17.5022945       214.134491    
   39.2999725      -9.29235458       18.6065521       216.275818    
   39.1999741      -7.43169928       19.5357876       218.438583    
   39.0999756      -5.47812033       20.2789574       220.622955    
   38.9999771      -3.45022464       20.8267689       222.829178    
   38.8999786      -1.36754775       21.1717911       225.057465    
   38.7999802      0.749631405       21.3085461       227.308044    
   38.6999817       2.88048601       21.2335835       229.581131    
   38.5999832       5.00384426       20.9455357       231.876953    
   38.4999847       7.09839821       20.4451504       234.195724    
   38.3999863       9.14291382       19.7353096       236.537659    
   38.2999878       11.1164446       18.8210182       238.903030    
   38.1999893       12.9985466       17.7093735       241.292068    
   38.0999908       14.7694836       16.4095192       243.704987    
   37.9999924       16.4104347       14.9325705       246.142014    
   37.8999939       17.9036922       13.2915268       248.603455    
   37.7999954       19.2328453       11.5011578       251.089478    
   37.6999969       20.3829613       9.57787323       253.600388    
   37.5999985       21.3407478       7.53957701       256.136383    
   37.5000000       22.0947056       5.40550232       258.697754    
   37.4000015       22.6352558       3.19603181       261.284698    
   37.3000031       22.9548588      0.932506084       263.897552    
   37.2000046       23.0481091      -1.36297989       266.536530    
   37.1000061       22.9118118      -3.66779089       269.201904    
   37.0000076       22.5450325      -5.95897198       271.893921    
   36.9000092       21.9491348      -8.21347523       274.612854    
   36.8000107       21.1277866      -10.4083891       277.358948    
   36.7000122       20.0869484      -12.5211678       280.132568    
   36.6000137       18.8348312      -14.5298624       282.933868    
   36.5000153       17.3818455      -16.4133453       285.763245    
   36.4000168       15.7405109      -18.1515293       288.620850    
   36.3000183       13.9253578      -19.7255802       291.507050    
   36.2000198       11.9527998      -21.1181164       294.422150    
   36.1000214       9.84098816      -22.3133965       297.366364    
   36.0000229       7.60964870      -23.2974949       300.339996    
   35.9000244       5.27989912      -24.0584602       303.343414    
   35.8000259       2.87405300      -24.5864506       306.376862    
   35.7000275      0.415407896      -24.8738556       309.440613    
   35.6000290      -2.07197762      -24.9153957       312.535004    
   35.5000305      -4.56351757      -24.7081985       315.660370    
   35.4000320      -7.03433752      -24.2518463       318.816956    
   35.3000336      -9.45952225      -23.5484123       322.005127    
   35.2000351      -11.8143635      -22.6024609       325.225220    
   35.1000366      -14.0746098      -21.4210243       328.477478    
   35.0000381      -16.2167130      -20.0135632       331.762268    
   34.9000397      -18.2180691      -18.3918915       335.079834    
   34.8000412      -20.0572586      -16.5700836       338.430634    
   34.7000427      -21.7142677      -14.5643578       341.814972    
   34.6000443      -23.1707039      -12.3929310       345.233124    
   34.5000458      -24.4099960      -10.0758610       348.685425    
   34.4000473      -25.4175816      -7.63486099       352.172272    
   34.3000488      -26.1810684      -5.09310246       355.694031    
   34.2000504      -26.6903782      -2.47499561       359.250946    
   34.1000519      -26.9378777      0.194042206       362.843445    
   34.0000534      -26.9184742       2.88783002       366.471893    
   33.9000549      -26.6296921       5.57967758       370.136658    
   33.8000565      -26.0717239       8.24264717       373.838013    
   33.7000580      -25.2474594       10.8498192       377.576385    
   33.6000595      -24.1624775       13.3745651       381.352173    
   33.5000610      -22.8250217       15.7908134       385.165710    
   33.4000626      -21.2459412       18.0733147       389.017365    
   33.3000641      -19.4386101       20.1979084       392.907532    
   33.2000656      -17.4188194       22.1417694       396.836609    
   33.1000671      -15.2046423       23.8836517       400.804993    
   33.0000687      -12.8162766       25.4041157       404.813019    
   32.9000702      -10.2758646       26.6857433       408.861145    
   32.8000717      -7.60729027       27.7133293       412.949738    
   32.7000732      -4.83595753       28.4740582       417.079224    
   32.6000748      -1.98855162       28.9576530       421.250000    
   32.5000763      0.907213688       29.1565075       425.462494    
   32.4000778       3.82286453       29.0657864       429.717133    
   32.3000793       6.72944355       28.6835003       434.014282    
   32.2000809       9.59779358       28.0105553       438.354431    
   32.1000824       12.3988495       27.0507755       442.737976    
   32.0000839       15.1039276       25.8108902       447.165344    
   31.9000835       17.6850166       24.3004971       451.636993    
   31.8000832       20.1150665       22.5319958       456.153381    
   31.7000828       22.3682671       20.5204887       460.714905    
   31.6000824       24.4203167       18.2836628       465.322083    
   31.5000820       26.2486839       15.8416309       469.975342    
   31.4000816       27.8328476       13.2167625       474.675110    
   31.3000813       29.1545238       10.4334774       479.421875    
   31.2000809       30.1978722       7.51802492       484.216095    
   31.1000805       30.9496746       4.49823761       489.058258    
   31.0000801       31.3994980       1.40327001       493.948822    
   30.9000797       31.5398254      -1.73667979       498.888306    
   30.8000793       31.3661575      -4.89066219       503.877197    
   30.7000790       30.8770905      -8.02727795       508.915955    
   30.6000786       30.0743618      -11.1149874       514.005066    
   30.5000782       28.9628639      -14.1224232       519.145142    
   30.4000778       27.5506210      -17.0187092       524.336609    
   30.3000774       25.8487511      -19.7737713       529.580017    
   30.2000771       23.8713741      -22.3586464       534.875793    
   30.1000767       21.6355095      -24.7457848       540.224609    
   30.0000763       19.1609306      -26.9093361       545.626831    
   29.9000759       16.4699974      -28.8254299       551.083130    
   29.8000755       13.5874538      -30.4724293       556.593933    
   29.7000751       10.5402107      -31.8311749       562.159851    
   29.6000748       7.35709286      -32.8851967       567.781494    
   29.5000744       4.06857300      -33.6209068       573.459351    
   29.4000740      0.706482172      -34.0277634       579.193909    
   29.3000736      -2.69629431      -34.0984116       584.985840    
   29.2000732      -6.10613537      -33.8287811       590.835693    
   29.1000729      -9.48901367      -33.2181664       596.743958    
   29.0000725      -12.8108301      -32.2692642       602.711426    
   28.9000721      -16.0377560      -30.9881821       608.738525    
   28.8000717      -19.1365738      -29.3844070       614.825928    
   28.7000713      -22.0750141      -27.4707489       620.974121    
   28.6000710      -24.8220882      -25.2632484       627.183899    
   28.5000706      -27.3484135      -22.7810402       633.455750    
   28.4000702      -29.6265182      -20.0461998       639.790344    
   28.3000698      -31.6311378      -17.0835476       646.188232    
   28.2000694      -33.3394928      -13.9204340       652.650085    
   28.1000690      -34.7315369      -10.5864849       659.176636    
   28.0000687      -35.7901840      -7.11333084       665.768372    
   27.9000683      -36.5015182      -3.53431249       672.426086    
   27.8000679      -36.8549500      0.115839481       679.150391    
   27.7000675      -36.8433647       3.80133462       685.941833    
   27.6000671      -36.4632301       7.48567104       692.801208    
   27.5000668      -35.7146645       11.1319942       699.729248    
   27.4000664      -34.6014633       14.7034607       706.726501    
   27.3000660      -33.1311188       18.1636066       713.793823    
   27.2000656      -31.3147583       21.4767189       720.931763    
   27.1000652      -29.1670856       24.6081944       728.141052    
   27.0000648      -26.7062664       27.5249023       735.422485    
   26.9000645      -23.9537754       30.1955299       742.776733    
   26.8000641      -20.9342232       32.5909081       750.204468    
   26.7000637      -17.6751328       34.6843300       757.706543    
   26.6000633      -14.2066994       36.4518433       765.283569    
   26.5000629      -10.5615149       37.8725128       772.936401    
   26.4000626      -6.77426338       38.9286652       780.665771    
   26.3000622      -2.88139677       39.6060905       788.472473    
   26.2000618       1.07921243       39.8942299       796.357117    
   26.1000614       5.06863546       39.7863083       804.320679    
   26.0000610       9.04726601       39.2794456       812.363953    
   25.9000607       12.9752102       38.3747177       820.487549    
   25.8000603       16.8126812       37.0771980       828.692444    
   25.7000599       20.5204010       35.3959312       836.979370    
   25.6000595       24.0599937       33.3438911       845.349182    
   25.5000591       27.3943825       30.9378910       853.802612    
   25.4000587       30.4881706       28.1984520       862.340637    
   25.3000584       33.3080139       25.1496353       870.963989    
   25.2000580       35.8229790       21.8188343       879.673645    
   25.1000576       38.0048637       18.2365360       888.470459    
   25.0000572       39.8285179       14.4360495       897.355164    
   24.9000568       41.2721214       10.4531975       906.328674    
   24.8000565       42.3174400       6.32598543       915.391907    
   24.7000561       42.9500389       2.09424114       924.545837    
   24.6000557       43.1594620      -2.20076275       933.791260    
   24.5000553       42.9393845      -6.51670885       943.129150    
   24.4000549       42.2877121      -10.8106480       952.560364    
   24.3000546       41.2066460      -15.0394192       962.085876    
   24.2000542       39.7027054      -19.1600838       971.706787    
   24.1000538       37.7866974      -23.1303539       981.423828    
   24.0000534       35.4736633      -26.9090233       991.238159    
   23.9000530       32.7827606      -30.4563904       1001.15051    
   23.8000526       29.7371216      -33.7346649       1011.16199    
   23.7000523       26.3636551      -36.7083778       1021.27368    
   23.6000519       22.6928177      -39.3447418       1031.48633    
   23.5000515       18.7583427      -41.6140251       1041.80127    
   23.4000511       14.5969400      -43.4898605       1052.21924    
   23.3000507       10.2479534      -44.9495544       1062.74146    
   23.2000504       5.75299788      -45.9743500       1073.36890    
   23.1000500       1.15556288      -46.5496483       1084.10254    
   23.0000496      -3.49940205      -46.6652031       1094.94348    
   22.9000492      -8.16592216      -46.3152618       1105.89294    
   22.8000488      -12.7974491      -45.4986687       1116.95178    
   22.7000484      -17.3473167      -44.2189255       1128.12134    
   22.6000481      -21.7692089      -42.4841919       1139.40259    
   22.5000477      -26.0176277      -40.3072701       1150.79651    
   22.4000473      -30.0483551      -37.7055054       1162.30432    
   22.3000469      -33.8189049      -34.7006683       1173.92737    
   22.2000465      -37.2889709      -31.3187771       1185.66663    
   22.1000462      -40.4208488      -27.5898800       1197.52319    
   22.0000458      -43.1798363      -23.5477943       1209.49841    
   21.9000454      -45.5346146      -19.2298107       1221.59338    
   21.8000450      -47.4575958      -14.6763496       1233.80933    
   21.7000446      -48.9252319      -9.93058968       1246.14746    
   21.6000443      -49.9182892      -5.03806639       1258.60889    
   21.5000439      -50.4220963      -4.62374687E-02   1271.19495    
   21.4000435      -50.4267197       4.99597216       1283.90686    
   21.3000431      -49.9271240       10.0386448       1296.74609    
   21.2000427      -48.9232597       15.0313568       1309.71350    
   21.1000423      -47.4201241       19.9236832       1322.81067    
   21.0000420      -45.4277573       24.6656952       1336.03882    
   20.9000416      -42.9611893       29.2084713       1349.39929    
   20.8000412      -40.0403404       33.5045891       1362.89319    
   20.7000408      -36.6898804       37.5086212       1376.52197    
   20.6000404      -32.9390182       41.1776085       1390.28711    
   20.5000401      -28.8212566       44.4715118       1404.19006    
   20.4000397      -24.3741055       47.3536377       1418.23193    
   20.3000393      -19.6387405       49.7910500       1432.41443    
   20.2000389      -14.6596355       51.7549248       1446.73853    
   20.1000385      -9.48414230       53.2208900       1461.20605    
   20.0000381      -4.16205311       54.1693039       1475.81812    
   19.9000378       1.25487757       54.5855103       1490.57629    
   19.8000374       6.71342850       54.4600220       1505.48206    
   19.7000370       12.1594315       53.7886810       1520.53699    
   19.6000366       17.5382996       52.5727386       1535.74243    
   19.5000362       22.7955742       50.8189087       1551.09985    
   19.4000359       27.8774643       48.5393524       1566.61096    
   19.3000355       32.7313995       45.7516060       1582.27698    
   19.2000351       37.3065605       42.4784660       1598.09973    
   19.1000347       41.5544052       38.7478104       1614.08069    
   19.0000343       45.4291878       34.5923691       1630.22144    
   18.9000340       48.8884239       30.0494499       1646.52368    
   18.8000336       51.8933678       25.1606064       1662.98889    
   18.7000332       54.4094276       19.9712696       1679.61865    
   18.6000328       56.4065552       14.5303268       1696.41492    
   18.5000324       57.8595886       8.88967133       1713.37915    
   18.4000320       58.7485542       3.10371256       1730.51282    
   18.3000317       59.0589256      -2.77114296       1747.81799    
   18.2000313       58.7818108      -8.67703629       1765.29614    
   18.1000309       57.9141083      -14.5552177       1782.94922    
   18.0000305       56.4585876      -20.3466282       1800.77869    
   17.9000301       54.4239235      -25.9924870       1818.78638    
   17.8000298       51.8246765      -31.4348793       1836.97437    
   17.7000294       48.6811905      -36.6173477       1855.34424    
   17.6000290       45.0194550      -41.4854660       1873.89771    
   17.5000286       40.8709068      -45.9874115       1892.63647    
   17.4000282       36.2721672      -50.0745010       1911.56287    
   17.3000278       31.2647171      -53.7017174       1930.67847    
   17.2000275       25.8945446      -56.8281898       1949.98535    
   17.1000271       20.2117252      -59.4176445       1969.48523    
   17.0000267       14.2699604      -61.4388161       1989.17993    
   16.9000263       8.12607861      -62.8658104       2009.07166    
   16.8000259       1.83949757      -63.6784172       2029.16235    
   16.7000256      -4.52834415      -63.8623657       2049.45386    
   16.6000252      -10.9145813      -63.4095306       2069.94824    
   16.5000248      -17.2555351      -62.3180733       2090.64795    
   16.4000244      -23.4873428      -60.5925217       2111.55444    
   16.3000240      -29.5465946      -58.2437859       2132.66992    
   16.2000237      -35.3709717      -55.2891273       2153.99658    
   16.1000233      -40.8998833      -51.7520294       2175.53638    
   16.0000229      -46.0750847      -47.6620407       2197.29175    
   15.9000225      -50.8412895      -43.0545311       2219.26465    
   15.8000221      -55.1467438      -37.9704018       2241.45752    
   15.7000217      -58.9437828      -32.4557266       2263.87183    
   15.6000214      -62.1893539      -26.5613480       2286.51050    
   15.5000210      -64.8454895      -20.3424129       2309.37573    
   15.4000206      -66.8797302      -13.8578644       2332.46948    
   15.3000202      -68.2655182      -7.16989136       2355.79419    
   15.2000198      -68.9825058     -0.343339443       2379.35181    
   15.1000195      -69.0168381       6.55491114       2403.14526    
   15.0000191      -68.3613434       13.4565945       2427.17676    
   14.9000187      -67.0156860       20.2927284       2451.44849    
   14.8000183      -64.9864120       26.9942970       2475.96289    
   14.7000179      -62.2869835       33.4929390       2500.72266    
   14.6000175      -58.9376907       39.7216377       2525.72998    
   14.5000172      -54.9655266       45.6154060       2550.98730    
   14.4000168      -50.4039841       51.1119576       2576.49683    
   14.3000164      -45.2927895       56.1523552       2602.26172    
   14.2000160      -39.6775551       60.6816330       2628.28442    
   14.1000156      -33.6093903       64.6493912       2654.56738    
   14.0000153      -27.1444511       68.0103302       2681.11304    
   13.9000149      -20.3434181       70.7247772       2707.92432    
   13.8000145      -13.2709408       72.7591171       2735.00342    
   13.7000141      -5.99502897       74.0862122       2762.35352    
   13.6000137       1.41359234       74.6857147       2789.97705    
   13.5000134       8.88216400       74.5443573       2817.87720    
   13.4000130       16.3365993       73.6561432       2846.05591    
   13.3000126       23.7022133       72.0224838       2874.51660    
   13.2000122       30.9044609       69.6522598       2903.26172    
   13.1000118       37.8696861       66.5618134       2932.29419    
   13.0000114       44.5258675       62.7748451       2961.61694    
   12.9000111       50.8033524       58.3222580       2991.23340    
   12.8000107       56.6355782       53.2419243       3021.14551    
   12.7000103       61.9597702       47.5783653       3051.35693    
   12.6000099       66.7176056       41.3823891       3081.87036    
   12.5000095       70.8558426       34.7106285       3112.68896    
   12.4000092       74.3269043       27.6250439       3143.81592    
   12.3000088       77.0894089       20.1923523       3175.25391    
   12.2000084       79.1086426       12.4834118       3207.00635    
   12.1000080       80.3569870       4.57254744       3239.07666    
   12.0000076       80.8142395      -3.46315145       3271.46753    
   11.9000072       80.4679260      -11.5445747       3304.18213    
   11.8000069       79.3134689      -19.5913677       3337.22412    
   11.7000065       77.3543320      -27.5227146       3370.59644    
   11.6000061       74.6020584      -35.2581482       3404.30225    
   11.5000057       71.0762405      -42.7183533       3438.34473    
   11.4000053       66.8044052      -49.8259773       3472.72827    
   11.3000050       61.8218079      -56.5064163       3507.45557    
   11.2000046       56.1711655      -62.6885986       3542.53027    
   11.1000042       49.9023056      -68.3057175       3577.95557    
   11.0000038       43.0717354      -73.2959442       3613.73486    
   10.9000034       35.7421417      -77.6031189       3649.87256    
   10.8000031       27.9818306      -81.1773300       3686.37085    
   10.7000027       19.8640976      -83.9755096       3723.23438    
   10.6000023       11.4665461      -85.9619217       3760.46680    
   10.5000019       2.87035370      -87.1085739       3798.07129    
   10.4000015      -5.84050369      -87.3956070       3836.05176    
   10.3000011      -14.5800648      -86.8115540       3874.41211    
   10.2000008      -23.2612190      -85.3535461       3913.15625    
   10.1000004      -31.7965736      -83.0274277       3952.28784    
   10.0000000      -40.0993156      -79.8477707       3991.81079    
   9.89999962      -48.0840912      -75.8378372       4031.72852    
   9.79999924      -55.6678734      -71.0294266       4072.04565    
   9.69999886      -62.7708168      -65.4626389       4112.76611    
   9.59999847      -69.3170776      -59.1855583       4153.89404    
   9.49999809      -75.2356339      -52.2538490       4195.43262    
   9.39999771      -80.4610214      -44.7302856       4237.38721    
   9.29999733      -84.9340515      -36.6841812       4279.76123    
   9.19999695      -88.6024704      -28.1907768       4322.55908    
   9.09999657      -91.4215469      -19.3305283       4365.78418    
   8.99999619      -93.3545990      -10.1883736       4409.44189    
   8.89999580      -94.3734360     -0.852913857       4453.53662    
   8.79999542      -94.4587250       8.58442974       4498.07178    
   8.69999504      -93.6002808       18.0303020       4543.05225    
   8.59999466      -91.7972488       27.3903313       4588.48291    
   8.49999428      -89.0582123       36.5700569       4634.36719    
   8.39999390      -85.4012070       45.4758797       4680.71094    
   8.29999352      -80.8536224       54.0159988       4727.51807    
   8.19999313      -75.4520264       62.1013603       4774.79346    
   8.09999275      -69.2418900       69.6465607       4822.54150    
   7.99999285      -62.2772331       76.5707474       4870.76660    
   7.89999294      -54.6201591       82.7984695       4919.47412    
   7.79999304      -46.3403130       88.2604828       4968.66846    
   7.69999313      -37.5142632       92.8945160       5018.35547    
   7.59999323      -28.2248116       96.6459427       5068.53906    
   7.49999332      -18.5602169       99.4684219       5119.22412    
   7.39999342      -8.61337471       101.324440       5170.41650    
   7.29999352       1.51906967       102.185776       5222.12012    
   7.19999361       11.7376471       102.033867       5274.34131    
   7.09999371       21.9410343       100.860100       5327.08447    
   6.99999380       32.0270462       98.6659927       5380.35498    
   6.89999390       41.8936462       95.4632874       5434.15820    
   6.79999399       51.4399757       91.2739258       5488.50049    
   6.69999409       60.5673676       86.1299286       5543.38525    
   6.59999418       69.1803589       80.0731888       5598.81836    
   6.49999428       77.1876755       73.1551514       5654.80664    
   6.39999437       84.5031891       65.4363861       5711.35449    
   6.29999447       91.0468292       56.9860687       5768.46875    
   6.19999456       96.7454376       47.8813858       5826.15332    
   6.09999466       101.533577       38.2068405       5884.41504    
   5.99999475       105.354263       28.0534821       5943.25928    
   5.89999485       108.159615       17.5180550       6002.69189    
   5.79999495       109.911423       6.70209312       6062.71924    
   5.69999504       110.581635      -4.28904915       6123.34668    
   5.59999514       110.152733      -15.3472128       6184.58105    
   5.49999523       108.618011      -26.3624859       6246.42627    
   5.39999533       105.981766      -37.2242889       6308.89111    
   5.29999542       102.259338      -47.8224640       6371.98047    
   5.19999552       97.4770889      -58.0483971       6435.69971    
   5.09999561       91.6722488      -67.7961044       6500.05664    
   4.99999571       84.8926392      -76.9633331       6565.05762    
   4.89999580       77.1963043      -85.4525986       6630.70801    
   4.79999590       68.6510468      -93.1722260       6697.01465    
   4.69999599       59.3338242      -100.037331       6763.98535    
   4.59999609       49.3300896      -105.970711       6831.62500    
   4.49999619       38.7330170      -110.903717       6899.94043    
   4.39999628       27.6426449      -114.777016       6968.93994    
   4.29999638       16.1649437      -117.541283       7038.62939    
   4.19999647       4.41081524      -119.157776       7109.01514    
   4.09999657      -7.50496292      -119.598854       7180.10498    
   3.99999666      -19.4648476      -118.848358       7251.90625    
   3.89999676      -31.3496838      -116.901871       7324.42529    
   3.79999685      -43.0398712      -113.766899       7397.66895    
   3.69999695      -54.4165611      -109.462914       7471.64600    
   3.59999704      -65.3628540      -104.021255       7546.36230    
   3.49999714      -75.7649765      -97.4849701       7621.82520    
   3.39999723      -85.5134735      -89.9084702       7698.04395    
   3.29999733      -94.5043182      -81.3571243       7775.02393    
   3.19999743      -102.640030      -71.9066925       7852.77393    
   3.09999752      -109.830696      -61.6426888       7931.30176    
   2.99999762      -115.994965      -50.6596184       8010.61426    
   2.89999771      -121.060928      -39.0601196       8090.72070    
   2.79999781      -124.966942      -26.9540253       8171.62793    
   2.69999790      -127.662346      -14.4573307       8253.34473    
   2.59999800      -129.108078      -1.69109631       8335.87793    
   2.49999809      -129.277191       11.2197113       8419.23730    
   2.39999819      -128.155212       24.1474304       8503.42773    
   2.29999828      -125.740471       36.9629517       8588.46289    
   2.19999838      -122.044174       49.5369987       8674.34766    
   2.09999847      -117.090477       61.7414169       8761.09082    
   1.99999845      -110.916336       73.4504623       8848.70215    
   1.89999843      -103.571289       84.5420990       8937.18945    
   1.79999840      -95.1170807       94.8992310       9026.56152    
   1.69999838      -85.6271591       104.410942       9116.82715    
   1.59999835      -75.1860657       112.973656       9207.99609    
   1.49999833      -63.8886986       120.492264       9300.07617    
   1.39999831      -51.8394699       126.881134       9393.07617    
   1.29999828      -39.1513557       132.065079       9487.00684    
   1.19999826      -25.9448471       135.980209       9581.87598    
   1.09999824      -12.3468256       138.574692       9677.69434    
  0.999998212       1.51064396       139.809372       9774.47070    
  0.899998188       15.4915810       139.658310       9872.21582    
  0.799998164       29.4574127       138.109146       9970.93750    
  0.699998140       43.2683258       135.163406       10070.6475    
  0.599998116       56.7846680       130.836578       10171.3545    
  0.499998122       69.8683243       125.158112       10273.0674    
  0.399998128       82.3841324       118.171280       10375.7988    
  0.299998134       94.2012634       109.932869       10479.5566    
  0.199998140       105.194550       100.512741       10584.3525    
   9.99981388E-02   115.245827       89.9932861       10690.1963    
